10005	204626	MLM2007744843	1
10010	93452	MLM1959030721	1
10015	205624	MLM2585843198	1
10016	232182	MLM3517976914	1
10020	170087	MLM2255983486	1
10021	232183	MLM2200130517	1
10025	166480	MLM1917768467	1
10030	194937	MLM1904701497	1
10035	170112	MLM1910565597	1
10036	232187	MLM3517920034	1
10040	167894	MLM2329807582	1
10041	232188	MLM3490757266	1
10045	229788	MLM2131972385	1
10050	165067	MLM2329799938	1
10055	231132	MLM2302517936	1
10060	224964	MLM2840075786	1
10065	231875	MLM2386675656	1
10070	217337	NULL	1
10075	209383	MLM1959731379	1
10080	219865	MLM2592843626	1
10085	224263	MLM2012784123	1
10090	231875	MLM2012837503	1
10095	229785	MLM3218624608	1
10100	217338	MLM2302387572	1
10105	211334	MLM2302510068	1
10110	231491	MLM3386059896	1
10111	233565	NULL	1
11005	216400	MLM3351802152	1
11010	2239	MLM2138724009	1
15005	188627	MLM3334164320	1
15010	188913	MLM3334085770	1
15015	199544	MLM3350418380	1
20005	144592	MLM1965559643	1
20010	144593	MLM2010176907	1
20015	144594	MLM2010189695	1
20020	78223	MLM2010178287	1
20025	78224	MLM2010267621	1
20030	78225	MLM2010267623	1
20035	190733	MLM2010812297	1
20040	190734	MLM2010712025	1
20045	223770	MLM2010812307	1
20050	163430	MLM2006801275	1
20055	144597	MLM2006878087	1
20060	144598	MLM2006893123	1
20065	163032	MLM2792767226	1
20070	163033	MLM2002492825	1
20075	163034	MLM2137379135	1
20080	81070	MLM2792970126	1
20085	78229	MLM2792996522	1
20090	200688	MLM2848876400	1
20095	81071	MLM2832997422	1
30005	67463	MLM2006310313	1
30006	67463	MLM3513954148	1
30010	67464	MLM2004639653	1
30011	67464	MLM3508953816	1
30015	158976	MLM2006361365	1
30020	183407	MLM2803372266	1
30025	196541	MLM2803378762	1
30026	225967	MLM2155604125	1
30027	229351	MLM3396673968	1
30030	183408	MLM2803316258	1
30035	196543	MLM2006336479	1
30040	67467	MLM2877948196	1
30041	229357	MLM3396765708	1
30042	196553	MLM2199974995	1
30045	158305	MLM2803471308	1
30046	158305	MLM2212624189	1
30050	195489	MLM2006453565	1
30051	225966	MLM3396410190	1
30052	229358	MLM2155991669	1
30055	88103	MLM2812108760	1
30060	195490	MLM2812057018	1
30065	183409	MLM2006403219	1
30066	228949	MLM2155635131	1
30067	229362	MLM2156030869	1
30070	183410	MLM2813088926	1
30075	196546	MLM2813140164	1
30080	67468	MLM2813179252	1
30085	195488	MLM2813102322	1
30086	229363	MLM2156047869	1
30087	67463	MLM2224655307	1
30088	67464	MLM2224747313	1
30089	67467	MLM2224762615	1
30090	183408	MLM2224787595	1
30091	158305	MLM3538840368	1
30092	196559	MLM2968544092	1
30095	183411	MLM2040291179	1
30100	93158	MLM2968713560	1
30105	183413	MLM2813130022	1
30110	67207	MLM1915783441	1
30115	196341	MLM2321866110	1
30120	67206	MLM1915859193	1
30125	71055	MLM2321867290	1
30130	205630	MLM2812162474	1
30131	222178	MLM2215068569	1
30132	222188	MLM2215144639	1
30135	202463	MLM2010226619	1
35005	168902	MLM3284405006	1
35010	87796	MLM2119127459	1
35015	218051	MLM2125883921	1
35020	95164	MLM3311452132	1
35025	94295	MLM3324978260	1
40005	177225	MLM2966289496	1
40010	177226	MLM2040927155	1
40015	177227	MLM2968580926	1
40020	191494	MLM2040954257	1
40025	177229	MLM2107467633	1
40030	195383	MLM3261714794	1
40035	163854	MLM3261848512	1
40040	218221	MLM3258833572	1
40045	212075	MLM2815169416	1
40050	212085	MLM2816469746	1
40055	215988	MLM2007157153	1
40060	214042	MLM2877986128	1
40065	201222	MLM2107540683	1
40070	201221	MLM2835827144	1
40075	201217	MLM3138070784	1
40080	201218	MLM2835840736	1
40085	212569	MLM2011603317	1
40090	221320	MLM32585282503	1
40095	212568	MLM2107059149	1
40100	210325	MLM2334937376	1
40105	222252	MLM3264638066	1
40110	222680	MLM2334726154	1
40115	222599	MLM3264719846	1
40120	222601	MLM2108155967	1
40125	222681	MLM2108223933	1
40130	222683	MLM2108188189	1
40135	204497	MLM1918887279	1
40140	194827	MLM2334739056	1
40145	194839	MLM2334882606	1
40150	194840	MLM2334950084	1
50005	161220	MLM1918170687	1
50010	161221	MLM1918158441	1
50015	222978	MLM2315160458	1
50020	222979	MLM2315322482	1
50021	223748	MLM2139275763	1
50025	161222	NULL	1
50030	161223	NULL	1
50035	161228	NULL	1
50040	161227	NULL	1
50045	161226	NULL	1
50050	161225	NULL	1
50055	213099	NULL	1
50060	213123	NULL	1
50065	213895	MLM2318297878	1
50070	213894	MLM2318323818	1
50075	213431	MLM2968588986	1
50080	213435	MLM2318299484	1
50085	213893	MLM1912462573	1
50090	213892	MLM2968628726	1
60005	144817	MLM2302499064	1
60010	72414	MLM1959403553	1
60015	160268	MLM1914161279	1
60020	201075	MLM2388777134	1
60025	174515	MLM2302382820	1
60030	210382	NULL	1
60035	210383	NULL	1
60040	216369	MLM2877988098	1
60045	195357	MLM2132032371	1
60050	174915	MLM3355740426	1
60055	193745	MLM3355838178	1
60060	174918	MLM3358950852	1
60065	193739	MLM3358865312	1
60070	193746	MLM2139666521	1
60075	193748	MLM3355801178	1
60080	193740	MLM3358865314	1
60085	193744	MLM2141131573	1
60090	202276	MLM3358889736	1
60095	202275	MLM3358877118	1
60100	202274	MLM2139540407	1
60105	202277	MLM3355718512	1
60110	202273	MLM2139639531	1
60115	220467	MLM2139459041	1
60120	220472	MLM2139426981	1
60125	190812	MLM2160257735	1
60130	21419	MLM2160237857	1
60135	167343	MLM2160272547	1
70005	215449	MLM2878037740	1
70010	215436	MLM2877914418	1
70015	215341	MLM2877811318	1
80005	176064	MLM2410848342	1
80010	176065	MLM2411715856	1