204626
93452
205624
232182
170087
232183
166480
194937
170112
232187
167894
232188
229788
165067
231132
224964
231875
217337
209383
219865
224263
229785
217338
211334
231491
233565
216400
2239
188627
188913
199544
144592
144593
144594
78223
78224
78225
190733
190734
223770
163430
144597
144598
163032
163033
163034
81070
78229
200688
81071
67463
67464
158976
183407
196541
225967
229351
183408
196543
67467
229357
196553
158305
195489
225966
229358
88103
195490
183409
228949
229362
183410
196546
67468
195488
229363
196559
183411
93158
183413
67207
196341
67206
71055
205630
222178
222188
202463
168902
87796
218051
95164
94295
177225
177226
177227
191494
177229
195383
163854
218221
212075
212085
215988
214042
201222
201221
201217
201218
212569
221320
212568
210325
222252
222680
222599
222601
222681
222683
204497
194827
194839
194840
161220
161221
222978
222979
223748
161222
161223
161228
161227
161226
161225
213099
213123
213895
213894
213431
213435
213893
213892
144817
72414
160268
201075
174515
210382
210383
216369
195357
174915
193745
174918
193739
193746
193748
193740
193744
202276
202275
202274
202277
202273
220467
220472
190812
21419
167343
215449
215436
215341
176064
176065